x y z rx ry rz timestamp left_image right_image
7757731.299323 -363561.059565 0.000000 0.039027 -0.022686 0.650446 1472149903.760527 /dados/ufes/20160825/1472149903.760527.bb3.l.png /dados/ufes/20160825/1472149903.760527.bb3.r.png
7757731.430255 -363560.949638 0.000000 0.038421 -0.023688 0.650481 1472149903.823309 /dados/ufes/20160825/1472149903.823309.bb3.l.png /dados/ufes/20160825/1472149903.823309.bb3.r.png
7757731.533265 -363560.842597 0.000000 0.038812 -0.024631 0.652260 1472149903.883430 /dados/ufes/20160825/1472149903.883430.bb3.l.png /dados/ufes/20160825/1472149903.883430.bb3.r.png
7757731.699041 -363560.712813 0.000000 0.037930 -0.026810 0.651714 1472149903.944215 /dados/ufes/20160825/1472149903.944215.bb3.l.png /dados/ufes/20160825/1472149903.944215.bb3.r.png
7757731.825702 -363560.591097 0.000000 0.039120 -0.028445 0.653597 1472149904.004891 /dados/ufes/20160825/1472149904.004891.bb3.l.png /dados/ufes/20160825/1472149904.004891.bb3.r.png
7757731.951218 -363560.497956 0.000000 0.041598 -0.029312 0.650232 1472149904.065881 /dados/ufes/20160825/1472149904.065881.bb3.l.png /dados/ufes/20160825/1472149904.065881.bb3.r.png
7757732.114832 -363560.395059 0.000000 0.044196 -0.030337 0.651979 1472149904.128980 /dados/ufes/20160825/1472149904.128980.bb3.l.png /dados/ufes/20160825/1472149904.128980.bb3.r.png
7757732.270454 -363560.264551 0.000000 0.045826 -0.029860 0.653147 1472149904.192431 /dados/ufes/20160825/1472149904.192431.bb3.l.png /dados/ufes/20160825/1472149904.192431.bb3.r.png
7757732.424592 -363560.180666 0.000000 0.046980 -0.028945 0.655223 1472149904.255705 /dados/ufes/20160825/1472149904.255705.bb3.l.png /dados/ufes/20160825/1472149904.255705.bb3.r.png
7757732.560416 -363560.057204 0.000000 0.048282 -0.028535 0.657594 1472149904.318479 /dados/ufes/20160825/1472149904.318479.bb3.l.png /dados/ufes/20160825/1472149904.318479.bb3.r.png
7757732.698286 -363559.959557 0.000000 0.048494 -0.028100 0.658089 1472149904.378794 /dados/ufes/20160825/1472149904.378794.bb3.l.png /dados/ufes/20160825/1472149904.378794.bb3.r.png
7757732.883105 -363559.811751 0.000000 0.048719 -0.027032 0.657446 1472149904.441791 /dados/ufes/20160825/1472149904.441791.bb3.l.png /dados/ufes/20160825/1472149904.441791.bb3.r.png
7757733.028509 -363559.708458 0.000000 0.047928 -0.027125 0.658694 1472149904.505246 /dados/ufes/20160825/1472149904.505246.bb3.l.png /dados/ufes/20160825/1472149904.505246.bb3.r.png
7757733.188819 -363559.571180 0.000000 0.046851 -0.027791 0.658768 1472149904.568278 /dados/ufes/20160825/1472149904.568278.bb3.l.png /dados/ufes/20160825/1472149904.568278.bb3.r.png
7757733.409469 -363559.400915 0.000000 0.047084 -0.028356 0.657525 1472149904.631169 /dados/ufes/20160825/1472149904.631169.bb3.l.png /dados/ufes/20160825/1472149904.631169.bb3.r.png
7757733.593624 -363559.247630 0.000000 0.045067 -0.029760 0.656687 1472149904.694516 /dados/ufes/20160825/1472149904.694516.bb3.l.png /dados/ufes/20160825/1472149904.694516.bb3.r.png
7757733.736802 -363559.159835 0.000000 0.044413 -0.030448 0.658139 1472149904.757046 /dados/ufes/20160825/1472149904.757046.bb3.l.png /dados/ufes/20160825/1472149904.757046.bb3.r.png
7757733.921885 -363559.013022 0.000000 0.044354 -0.029966 0.658113 1472149904.819942 /dados/ufes/20160825/1472149904.819942.bb3.l.png /dados/ufes/20160825/1472149904.819942.bb3.r.png
7757734.094376 -363558.902395 0.000000 0.044969 -0.030232 0.657614 1472149904.880235 /dados/ufes/20160825/1472149904.880235.bb3.l.png /dados/ufes/20160825/1472149904.880235.bb3.r.png
7757734.307250 -363558.717828 0.000000 0.044685 -0.029430 0.659362 1472149904.940641 /dados/ufes/20160825/1472149904.940641.bb3.l.png /dados/ufes/20160825/1472149904.940641.bb3.r.png
7757734.536531 -363558.523960 0.000000 0.045473 -0.029372 0.658762 1472149905.001289 /dados/ufes/20160825/1472149905.001289.bb3.l.png /dados/ufes/20160825/1472149905.001289.bb3.r.png
7757734.736965 -363558.373466 0.000000 0.050493 -0.029037 0.658122 1472149905.062259 /dados/ufes/20160825/1472149905.062259.bb3.l.png /dados/ufes/20160825/1472149905.062259.bb3.r.png
7757734.971153 -363558.211667 0.000000 0.053237 -0.030057 0.659368 1472149905.126356 /dados/ufes/20160825/1472149905.126356.bb3.l.png /dados/ufes/20160825/1472149905.126356.bb3.r.png
7757735.190789 -363558.042554 0.000000 0.056809 -0.035127 0.660078 1472149905.188655 /dados/ufes/20160825/1472149905.188655.bb3.l.png /dados/ufes/20160825/1472149905.188655.bb3.r.png
7757735.398859 -363557.884829 0.000000 0.059045 -0.037311 0.661167 1472149905.251602 /dados/ufes/20160825/1472149905.251602.bb3.l.png /dados/ufes/20160825/1472149905.251602.bb3.r.png
7757735.613212 -363557.734117 0.000000 0.061174 -0.038969 0.662061 1472149905.314788 /dados/ufes/20160825/1472149905.314788.bb3.l.png /dados/ufes/20160825/1472149905.314788.bb3.r.png
7757735.907008 -363557.509241 0.000000 0.060499 -0.039194 0.663598 1472149905.379171 /dados/ufes/20160825/1472149905.379171.bb3.l.png /dados/ufes/20160825/1472149905.379171.bb3.r.png
7757736.070592 -363557.381070 0.000000 0.057399 -0.040149 0.664371 1472149905.440318 /dados/ufes/20160825/1472149905.440318.bb3.l.png /dados/ufes/20160825/1472149905.440318.bb3.r.png
7757736.333108 -363557.176501 0.000000 0.057747 -0.041529 0.662121 1472149905.500044 /dados/ufes/20160825/1472149905.500044.bb3.l.png /dados/ufes/20160825/1472149905.500044.bb3.r.png
7757736.572525 -363557.017509 0.000000 0.055437 -0.043138 0.663278 1472149905.560759 /dados/ufes/20160825/1472149905.560759.bb3.l.png /dados/ufes/20160825/1472149905.560759.bb3.r.png
7757736.860906 -363556.791477 0.000000 0.054663 -0.046880 0.663472 1472149905.623769 /dados/ufes/20160825/1472149905.623769.bb3.l.png /dados/ufes/20160825/1472149905.623769.bb3.r.png
7757737.092048 -363556.611412 0.000000 0.055801 -0.046475 0.662590 1472149905.685057 /dados/ufes/20160825/1472149905.685057.bb3.l.png /dados/ufes/20160825/1472149905.685057.bb3.r.png
7757737.348836 -363556.414079 0.000000 0.053268 -0.044678 0.665583 1472149905.747608 /dados/ufes/20160825/1472149905.747608.bb3.l.png /dados/ufes/20160825/1472149905.747608.bb3.r.png
7757737.566142 -363556.246036 0.000000 0.052039 -0.042696 0.665593 1472149905.810107 /dados/ufes/20160825/1472149905.810107.bb3.l.png /dados/ufes/20160825/1472149905.810107.bb3.r.png
7757737.818023 -363556.040061 0.000000 0.052723 -0.040695 0.665657 1472149905.872606 /dados/ufes/20160825/1472149905.872606.bb3.l.png /dados/ufes/20160825/1472149905.872606.bb3.r.png
7757738.054272 -363555.870470 0.000000 0.053861 -0.039040 0.666627 1472149905.935214 /dados/ufes/20160825/1472149905.935214.bb3.l.png /dados/ufes/20160825/1472149905.935214.bb3.r.png
7757738.275205 -363555.707678 0.000000 0.053992 -0.040343 0.666860 1472149905.997759 /dados/ufes/20160825/1472149905.997759.bb3.l.png /dados/ufes/20160825/1472149905.997759.bb3.r.png
7757738.615727 -363555.447675 0.000000 0.053800 -0.041784 0.666241 1472149906.060165 /dados/ufes/20160825/1472149906.060165.bb3.l.png /dados/ufes/20160825/1472149906.060165.bb3.r.png
7757738.865565 -363555.236508 0.000000 0.053535 -0.044690 0.666658 1472149906.122709 /dados/ufes/20160825/1472149906.122709.bb3.l.png /dados/ufes/20160825/1472149906.122709.bb3.r.png
7757739.124818 -363555.047039 0.000000 0.054299 -0.051622 0.665992 1472149906.185144 /dados/ufes/20160825/1472149906.185144.bb3.l.png /dados/ufes/20160825/1472149906.185144.bb3.r.png
7757739.357870 -363554.860789 0.000000 0.052460 -0.053630 0.666650 1472149906.247649 /dados/ufes/20160825/1472149906.247649.bb3.l.png /dados/ufes/20160825/1472149906.247649.bb3.r.png
7757739.551195 -363554.697504 0.000000 0.049448 -0.056748 0.666899 1472149906.310171 /dados/ufes/20160825/1472149906.310171.bb3.l.png /dados/ufes/20160825/1472149906.310171.bb3.r.png
7757739.771289 -363554.528528 0.000000 0.048354 -0.057511 0.665354 1472149906.372629 /dados/ufes/20160825/1472149906.372629.bb3.l.png /dados/ufes/20160825/1472149906.372629.bb3.r.png
7757740.016289 -363554.349124 0.000000 0.047176 -0.053210 0.668801 1472149906.435066 /dados/ufes/20160825/1472149906.435066.bb3.l.png /dados/ufes/20160825/1472149906.435066.bb3.r.png
7757740.234695 -363554.180727 0.000000 0.045686 -0.051126 0.670161 1472149906.497751 /dados/ufes/20160825/1472149906.497751.bb3.l.png /dados/ufes/20160825/1472149906.497751.bb3.r.png
7757740.459613 -363554.013757 0.000000 0.045675 -0.048514 0.670008 1472149906.564523 /dados/ufes/20160825/1472149906.564523.bb3.l.png /dados/ufes/20160825/1472149906.564523.bb3.r.png
7757740.676452 -363553.845674 0.000000 0.046237 -0.047466 0.672620 1472149906.624795 /dados/ufes/20160825/1472149906.624795.bb3.l.png /dados/ufes/20160825/1472149906.624795.bb3.r.png
7757740.940995 -363553.655494 0.000000 0.048275 -0.046982 0.671129 1472149906.685151 /dados/ufes/20160825/1472149906.685151.bb3.l.png /dados/ufes/20160825/1472149906.685151.bb3.r.png
7757741.175129 -363553.465584 0.000000 0.050857 -0.047880 0.670494 1472149906.747695 /dados/ufes/20160825/1472149906.747695.bb3.l.png /dados/ufes/20160825/1472149906.747695.bb3.r.png
7757741.464229 -363553.237097 0.000000 0.052410 -0.050406 0.672310 1472149906.810153 /dados/ufes/20160825/1472149906.810153.bb3.l.png /dados/ufes/20160825/1472149906.810153.bb3.r.png
7757741.706277 -363553.051229 0.000000 0.052164 -0.054692 0.673054 1472149906.872674 /dados/ufes/20160825/1472149906.872674.bb3.l.png /dados/ufes/20160825/1472149906.872674.bb3.r.png
7757741.995420 -363552.818772 0.000000 0.051119 -0.059210 0.673012 1472149906.935202 /dados/ufes/20160825/1472149906.935202.bb3.l.png /dados/ufes/20160825/1472149906.935202.bb3.r.png
7757742.212221 -363552.650097 0.000000 0.050212 -0.060106 0.672043 1472149906.997631 /dados/ufes/20160825/1472149906.997631.bb3.l.png /dados/ufes/20160825/1472149906.997631.bb3.r.png
7757742.566391 -363552.375476 0.000000 0.049286 -0.059181 0.675604 1472149907.060185 /dados/ufes/20160825/1472149907.060185.bb3.l.png /dados/ufes/20160825/1472149907.060185.bb3.r.png
7757742.825887 -363552.178250 0.000000 0.048166 -0.058308 0.674212 1472149907.122620 /dados/ufes/20160825/1472149907.122620.bb3.l.png /dados/ufes/20160825/1472149907.122620.bb3.r.png
7757743.201825 -363551.879391 0.000000 0.050811 -0.056573 0.675414 1472149907.185206 /dados/ufes/20160825/1472149907.185206.bb3.l.png /dados/ufes/20160825/1472149907.185206.bb3.r.png
7757743.613468 -363551.573685 0.000000 0.051255 -0.054835 0.677690 1472149907.247645 /dados/ufes/20160825/1472149907.247645.bb3.l.png /dados/ufes/20160825/1472149907.247645.bb3.r.png
7757743.938251 -363551.333672 0.000000 0.049625 -0.053075 0.677907 1472149907.310201 /dados/ufes/20160825/1472149907.310201.bb3.l.png /dados/ufes/20160825/1472149907.310201.bb3.r.png
7757744.216475 -363551.105132 0.000000 0.049820 -0.052253 0.678015 1472149907.372609 /dados/ufes/20160825/1472149907.372609.bb3.l.png /dados/ufes/20160825/1472149907.372609.bb3.r.png
7757744.501814 -363550.872921 0.000000 0.048435 -0.054415 0.678448 1472149907.435683 /dados/ufes/20160825/1472149907.435683.bb3.l.png /dados/ufes/20160825/1472149907.435683.bb3.r.png
7757744.814915 -363550.634087 0.000000 0.049760 -0.056003 0.678029 1472149907.497689 /dados/ufes/20160825/1472149907.497689.bb3.l.png /dados/ufes/20160825/1472149907.497689.bb3.r.png
7757745.241018 -363550.306409 0.000000 0.049677 -0.057144 0.677241 1472149907.561864 /dados/ufes/20160825/1472149907.561864.bb3.l.png /dados/ufes/20160825/1472149907.561864.bb3.r.png
7757745.614082 -363550.001950 0.000000 0.049430 -0.059285 0.676376 1472149907.625376 /dados/ufes/20160825/1472149907.625376.bb3.l.png /dados/ufes/20160825/1472149907.625376.bb3.r.png
7757746.069141 -363549.624716 0.000000 0.050781 -0.060634 0.675800 1472149907.688298 /dados/ufes/20160825/1472149907.688298.bb3.l.png /dados/ufes/20160825/1472149907.688298.bb3.r.png
7757746.488433 -363549.290349 0.000000 0.052024 -0.060534 0.673617 1472149907.753882 /dados/ufes/20160825/1472149907.753882.bb3.l.png /dados/ufes/20160825/1472149907.753882.bb3.r.png
7757746.867387 -363548.992162 0.000000 0.053052 -0.059992 0.671653 1472149907.816586 /dados/ufes/20160825/1472149907.816586.bb3.l.png /dados/ufes/20160825/1472149907.816586.bb3.r.png
7757747.132349 -363548.782471 0.000000 0.054255 -0.059006 0.673259 1472149907.879598 /dados/ufes/20160825/1472149907.879598.bb3.l.png /dados/ufes/20160825/1472149907.879598.bb3.r.png
7757747.537873 -363548.468093 0.000000 0.060689 -0.056728 0.671983 1472149907.942658 /dados/ufes/20160825/1472149907.942658.bb3.l.png /dados/ufes/20160825/1472149907.942658.bb3.r.png
7757747.839840 -363548.231374 0.000000 0.062178 -0.056110 0.673258 1472149908.005374 /dados/ufes/20160825/1472149908.005374.bb3.l.png /dados/ufes/20160825/1472149908.005374.bb3.r.png
7757748.179091 -363547.962390 0.000000 0.062295 -0.054671 0.674949 1472149908.069548 /dados/ufes/20160825/1472149908.069548.bb3.l.png /dados/ufes/20160825/1472149908.069548.bb3.r.png
7757748.593543 -363547.680752 0.000000 0.064426 -0.054333 0.671514 1472149908.133139 /dados/ufes/20160825/1472149908.133139.bb3.l.png /dados/ufes/20160825/1472149908.133139.bb3.r.png
7757748.878252 -363547.460282 0.000000 0.064844 -0.055127 0.673792 1472149908.193913 /dados/ufes/20160825/1472149908.193913.bb3.l.png /dados/ufes/20160825/1472149908.193913.bb3.r.png
7757749.188158 -363547.219216 0.000000 0.063886 -0.056338 0.673545 1472149908.254642 /dados/ufes/20160825/1472149908.254642.bb3.l.png /dados/ufes/20160825/1472149908.254642.bb3.r.png
7757749.452800 -363547.013493 0.000000 0.065046 -0.059183 0.676258 1472149908.318333 /dados/ufes/20160825/1472149908.318333.bb3.l.png /dados/ufes/20160825/1472149908.318333.bb3.r.png
7757749.779698 -363546.759565 0.000000 0.066068 -0.062449 0.675522 1472149908.381188 /dados/ufes/20160825/1472149908.381188.bb3.l.png /dados/ufes/20160825/1472149908.381188.bb3.r.png
7757749.950917 -363546.630616 0.000000 0.062669 -0.064686 0.674132 1472149908.443802 /dados/ufes/20160825/1472149908.443802.bb3.l.png /dados/ufes/20160825/1472149908.443802.bb3.r.png
7757750.205782 -363546.436690 0.000000 0.062199 -0.064332 0.673877 1472149908.508685 /dados/ufes/20160825/1472149908.508685.bb3.l.png /dados/ufes/20160825/1472149908.508685.bb3.r.png
7757750.421298 -363546.263082 0.000000 0.061621 -0.062885 0.675992 1472149908.568773 /dados/ufes/20160825/1472149908.568773.bb3.l.png /dados/ufes/20160825/1472149908.568773.bb3.r.png
7757750.636828 -363546.089987 0.000000 0.057304 -0.058806 0.672199 1472149908.632024 /dados/ufes/20160825/1472149908.632024.bb3.l.png /dados/ufes/20160825/1472149908.632024.bb3.r.png
7757750.895868 -363545.876560 0.000000 0.057811 -0.057501 0.674111 1472149908.695439 /dados/ufes/20160825/1472149908.695439.bb3.l.png /dados/ufes/20160825/1472149908.695439.bb3.r.png
7757751.216011 -363545.626524 0.000000 0.057799 -0.055923 0.675990 1472149908.756062 /dados/ufes/20160825/1472149908.756062.bb3.l.png /dados/ufes/20160825/1472149908.756062.bb3.r.png
7757751.585873 -363545.363003 0.000000 0.057057 -0.055554 0.675435 1472149908.816918 /dados/ufes/20160825/1472149908.816918.bb3.l.png /dados/ufes/20160825/1472149908.816918.bb3.r.png
7757751.932877 -363545.069338 0.000000 0.055949 -0.055803 0.674603 1472149908.877237 /dados/ufes/20160825/1472149908.877237.bb3.l.png /dados/ufes/20160825/1472149908.877237.bb3.r.png
7757752.360910 -363544.739111 0.000000 0.056464 -0.060208 0.675207 1472149908.938832 /dados/ufes/20160825/1472149908.938832.bb3.l.png /dados/ufes/20160825/1472149908.938832.bb3.r.png
7757752.630601 -363544.518621 0.000000 0.054885 -0.061959 0.674657 1472149909.001921 /dados/ufes/20160825/1472149909.001921.bb3.l.png /dados/ufes/20160825/1472149909.001921.bb3.r.png
7757752.987368 -363544.240443 0.000000 0.052619 -0.063805 0.674778 1472149909.061859 /dados/ufes/20160825/1472149909.061859.bb3.l.png /dados/ufes/20160825/1472149909.061859.bb3.r.png
7757753.271432 -363544.013101 0.000000 0.052581 -0.064484 0.675006 1472149909.122605 /dados/ufes/20160825/1472149909.122605.bb3.l.png /dados/ufes/20160825/1472149909.122605.bb3.r.png
7757753.617617 -363543.745189 0.000000 0.053075 -0.067389 0.675224 1472149909.185337 /dados/ufes/20160825/1472149909.185337.bb3.l.png /dados/ufes/20160825/1472149909.185337.bb3.r.png
7757754.035232 -363543.417336 0.000000 0.050960 -0.065656 0.674250 1472149909.253016 /dados/ufes/20160825/1472149909.253016.bb3.l.png /dados/ufes/20160825/1472149909.253016.bb3.r.png
7757754.248487 -363543.249849 0.000000 0.050249 -0.062608 0.673268 1472149909.313787 /dados/ufes/20160825/1472149909.313787.bb3.l.png /dados/ufes/20160825/1472149909.313787.bb3.r.png
7757754.527015 -363543.045481 0.000000 0.049141 -0.059233 0.674088 1472149909.374826 /dados/ufes/20160825/1472149909.374826.bb3.l.png /dados/ufes/20160825/1472149909.374826.bb3.r.png
7757754.888634 -363542.765418 0.000000 0.048689 -0.053584 0.671884 1472149909.435438 /dados/ufes/20160825/1472149909.435438.bb3.l.png /dados/ufes/20160825/1472149909.435438.bb3.r.png
7757755.180401 -363542.535424 0.000000 0.047010 -0.051408 0.671354 1472149909.497773 /dados/ufes/20160825/1472149909.497773.bb3.l.png /dados/ufes/20160825/1472149909.497773.bb3.r.png
7757755.562603 -363542.233554 0.000000 0.046927 -0.050479 0.672892 1472149909.563376 /dados/ufes/20160825/1472149909.563376.bb3.l.png /dados/ufes/20160825/1472149909.563376.bb3.r.png
7757755.956719 -363541.919171 0.000000 0.047095 -0.051198 0.672093 1472149909.626809 /dados/ufes/20160825/1472149909.626809.bb3.l.png /dados/ufes/20160825/1472149909.626809.bb3.r.png
7757756.183342 -363541.736398 0.000000 0.046600 -0.055827 0.671941 1472149909.689360 /dados/ufes/20160825/1472149909.689360.bb3.l.png /dados/ufes/20160825/1472149909.689360.bb3.r.png
7757756.410975 -363541.551341 0.000000 0.046671 -0.059210 0.669857 1472149909.751695 /dados/ufes/20160825/1472149909.751695.bb3.l.png /dados/ufes/20160825/1472149909.751695.bb3.r.png
7757756.853841 -363541.233059 0.000000 0.048162 -0.062410 0.670620 1472149909.814649 /dados/ufes/20160825/1472149909.814649.bb3.l.png /dados/ufes/20160825/1472149909.814649.bb3.r.png
7757757.186008 -363540.967011 0.000000 0.049827 -0.064580 0.670511 1472149909.874819 /dados/ufes/20160825/1472149909.874819.bb3.l.png /dados/ufes/20160825/1472149909.874819.bb3.r.png
7757757.473259 -363540.748999 0.000000 0.050818 -0.065377 0.670368 1472149909.935242 /dados/ufes/20160825/1472149909.935242.bb3.l.png /dados/ufes/20160825/1472149909.935242.bb3.r.png
7757757.848589 -363540.459719 0.000000 0.051912 -0.063635 0.671819 1472149909.997785 /dados/ufes/20160825/1472149909.997785.bb3.l.png /dados/ufes/20160825/1472149909.997785.bb3.r.png
7757758.080093 -363540.272869 0.000000 0.054058 -0.060629 0.670893 1472149910.060296 /dados/ufes/20160825/1472149910.060296.bb3.l.png /dados/ufes/20160825/1472149910.060296.bb3.r.png
7757758.496410 -363539.954151 0.000000 0.054674 -0.057717 0.669113 1472149910.124406 /dados/ufes/20160825/1472149910.124406.bb3.l.png /dados/ufes/20160825/1472149910.124406.bb3.r.png
7757758.938945 -363539.625048 0.000000 0.056959 -0.055413 0.669301 1472149910.186707 /dados/ufes/20160825/1472149910.186707.bb3.l.png /dados/ufes/20160825/1472149910.186707.bb3.r.png
7757759.334532 -363539.318410 0.000000 0.059919 -0.055218 0.669455 1472149910.250272 /dados/ufes/20160825/1472149910.250272.bb3.l.png /dados/ufes/20160825/1472149910.250272.bb3.r.png
7757759.601786 -363539.128163 0.000000 0.061141 -0.055756 0.669749 1472149910.310345 /dados/ufes/20160825/1472149910.310345.bb3.l.png /dados/ufes/20160825/1472149910.310345.bb3.r.png
7757759.908930 -363538.883815 0.000000 0.062510 -0.054970 0.667163 1472149910.372690 /dados/ufes/20160825/1472149910.372690.bb3.l.png /dados/ufes/20160825/1472149910.372690.bb3.r.png
7757760.273495 -363538.615915 0.000000 0.066380 -0.055031 0.668658 1472149910.447250 /dados/ufes/20160825/1472149910.447250.bb3.l.png /dados/ufes/20160825/1472149910.447250.bb3.r.png
7757760.546370 -363538.400979 0.000000 0.066990 -0.054095 0.669546 1472149910.510119 /dados/ufes/20160825/1472149910.510119.bb3.l.png /dados/ufes/20160825/1472149910.510119.bb3.r.png
7757760.800568 -363538.198178 0.000000 0.068896 -0.055463 0.668186 1472149910.573265 /dados/ufes/20160825/1472149910.573265.bb3.l.png /dados/ufes/20160825/1472149910.573265.bb3.r.png
7757760.927766 -363538.104101 0.000000 0.069678 -0.053710 0.668634 1472149910.634121 /dados/ufes/20160825/1472149910.634121.bb3.l.png /dados/ufes/20160825/1472149910.634121.bb3.r.png
7757761.177520 -363537.916179 0.000000 0.069491 -0.054441 0.667709 1472149910.695468 /dados/ufes/20160825/1472149910.695468.bb3.l.png /dados/ufes/20160825/1472149910.695468.bb3.r.png
7757761.490279 -363537.692271 0.000000 0.070470 -0.055608 0.668421 1472149910.755987 /dados/ufes/20160825/1472149910.755987.bb3.l.png /dados/ufes/20160825/1472149910.755987.bb3.r.png
7757761.726686 -363537.491224 0.000000 0.070220 -0.056429 0.669055 1472149910.817464 /dados/ufes/20160825/1472149910.817464.bb3.l.png /dados/ufes/20160825/1472149910.817464.bb3.r.png
7757762.060542 -363537.225992 0.000000 0.069880 -0.057819 0.668172 1472149910.878011 /dados/ufes/20160825/1472149910.878011.bb3.l.png /dados/ufes/20160825/1472149910.878011.bb3.r.png
7757762.388696 -363536.986226 0.000000 0.069689 -0.059985 0.667915 1472149910.940550 /dados/ufes/20160825/1472149910.940550.bb3.l.png /dados/ufes/20160825/1472149910.940550.bb3.r.png
7757762.741731 -363536.706391 0.000000 0.068448 -0.060501 0.665496 1472149911.002545 /dados/ufes/20160825/1472149911.002545.bb3.l.png /dados/ufes/20160825/1472149911.002545.bb3.r.png
7757763.123980 -363536.412153 0.000000 0.065495 -0.060710 0.664355 1472149911.063360 /dados/ufes/20160825/1472149911.063360.bb3.l.png /dados/ufes/20160825/1472149911.063360.bb3.r.png
7757763.580582 -363536.063753 0.000000 0.062855 -0.061549 0.666681 1472149911.127982 /dados/ufes/20160825/1472149911.127982.bb3.l.png /dados/ufes/20160825/1472149911.127982.bb3.r.png
7757763.941665 -363535.774405 0.000000 0.057643 -0.062339 0.662897 1472149911.190498 /dados/ufes/20160825/1472149911.190498.bb3.l.png /dados/ufes/20160825/1472149911.190498.bb3.r.png
7757764.311970 -363535.476582 0.000000 0.055469 -0.062257 0.662727 1472149911.253140 /dados/ufes/20160825/1472149911.253140.bb3.l.png /dados/ufes/20160825/1472149911.253140.bb3.r.png
7757764.697765 -363535.162126 0.000000 0.055100 -0.063128 0.660761 1472149911.313868 /dados/ufes/20160825/1472149911.313868.bb3.l.png /dados/ufes/20160825/1472149911.313868.bb3.r.png
7757765.073029 -363534.878567 0.000000 0.055503 -0.060911 0.659518 1472149911.374555 /dados/ufes/20160825/1472149911.374555.bb3.l.png /dados/ufes/20160825/1472149911.374555.bb3.r.png
7757765.606063 -363534.484762 0.000000 0.054993 -0.056580 0.654515 1472149911.435167 /dados/ufes/20160825/1472149911.435167.bb3.l.png /dados/ufes/20160825/1472149911.435167.bb3.r.png
7757765.997227 -363534.187781 0.000000 0.053780 -0.053061 0.650998 1472149911.497711 /dados/ufes/20160825/1472149911.497711.bb3.l.png /dados/ufes/20160825/1472149911.497711.bb3.r.png
7757766.392531 -363533.898211 0.000000 0.051954 -0.050503 0.646222 1472149911.560168 /dados/ufes/20160825/1472149911.560168.bb3.l.png /dados/ufes/20160825/1472149911.560168.bb3.r.png
7757766.779939 -363533.601323 0.000000 0.051730 -0.051017 0.643539 1472149911.622868 /dados/ufes/20160825/1472149911.622868.bb3.l.png /dados/ufes/20160825/1472149911.622868.bb3.r.png
7757767.325778 -363533.199425 0.000000 0.051722 -0.055907 0.640381 1472149911.687075 /dados/ufes/20160825/1472149911.687075.bb3.l.png /dados/ufes/20160825/1472149911.687075.bb3.r.png
7757767.690763 -363532.909827 0.000000 0.052301 -0.060121 0.638350 1472149911.747816 /dados/ufes/20160825/1472149911.747816.bb3.l.png /dados/ufes/20160825/1472149911.747816.bb3.r.png
7757768.059896 -363532.638336 0.000000 0.052223 -0.063850 0.630250 1472149911.813344 /dados/ufes/20160825/1472149911.813344.bb3.l.png /dados/ufes/20160825/1472149911.813344.bb3.r.png
7757768.612825 -363532.252062 0.000000 0.053997 -0.067801 0.622439 1472149911.894086 /dados/ufes/20160825/1472149911.894086.bb3.l.png /dados/ufes/20160825/1472149911.894086.bb3.r.png
7757769.043241 -363531.947478 0.000000 0.053284 -0.066939 0.615215 1472149911.956992 /dados/ufes/20160825/1472149911.956992.bb3.l.png /dados/ufes/20160825/1472149911.956992.bb3.r.png
7757769.521938 -363531.608181 0.000000 0.052062 -0.064843 0.608516 1472149912.020264 /dados/ufes/20160825/1472149912.020264.bb3.l.png /dados/ufes/20160825/1472149912.020264.bb3.r.png
7757770.187635 -363531.143701 0.000000 0.051213 -0.058764 0.595009 1472149912.086926 /dados/ufes/20160825/1472149912.086926.bb3.l.png /dados/ufes/20160825/1472149912.086926.bb3.r.png
7757770.706299 -363530.809287 0.000000 0.048776 -0.055501 0.586915 1472149912.146752 /dados/ufes/20160825/1472149912.146752.bb3.l.png /dados/ufes/20160825/1472149912.146752.bb3.r.png
7757771.201935 -363530.464447 0.000000 0.047182 -0.052900 0.580319 1472149912.207364 /dados/ufes/20160825/1472149912.207364.bb3.l.png /dados/ufes/20160825/1472149912.207364.bb3.r.png
7757771.723813 -363530.117088 0.000000 0.046310 -0.053381 0.569508 1472149912.269294 /dados/ufes/20160825/1472149912.269294.bb3.l.png /dados/ufes/20160825/1472149912.269294.bb3.r.png
7757772.308168 -363529.710395 0.000000 0.042907 -0.053607 0.557937 1472149912.329883 /dados/ufes/20160825/1472149912.329883.bb3.l.png /dados/ufes/20160825/1472149912.329883.bb3.r.png
7757772.787475 -363529.400924 0.000000 0.042243 -0.055261 0.546418 1472149912.393434 /dados/ufes/20160825/1472149912.393434.bb3.l.png /dados/ufes/20160825/1472149912.393434.bb3.r.png
7757773.365410 -363529.049387 0.000000 0.041205 -0.054924 0.537243 1472149912.459326 /dados/ufes/20160825/1472149912.459326.bb3.l.png /dados/ufes/20160825/1472149912.459326.bb3.r.png
7757773.940163 -363528.701570 0.000000 0.039960 -0.055305 0.521424 1472149912.522223 /dados/ufes/20160825/1472149912.522223.bb3.l.png /dados/ufes/20160825/1472149912.522223.bb3.r.png
7757774.582330 -363528.325693 0.000000 0.038772 -0.054477 0.512679 1472149912.584951 /dados/ufes/20160825/1472149912.584951.bb3.l.png /dados/ufes/20160825/1472149912.584951.bb3.r.png
7757775.099070 -363528.019814 0.000000 0.036590 -0.053025 0.500268 1472149912.647561 /dados/ufes/20160825/1472149912.647561.bb3.l.png /dados/ufes/20160825/1472149912.647561.bb3.r.png
7757775.572746 -363527.754616 0.000000 0.035882 -0.052366 0.490385 1472149912.709711 /dados/ufes/20160825/1472149912.709711.bb3.l.png /dados/ufes/20160825/1472149912.709711.bb3.r.png
7757775.942032 -363527.551819 0.000000 0.036807 -0.051544 0.478646 1472149912.771845 /dados/ufes/20160825/1472149912.771845.bb3.l.png /dados/ufes/20160825/1472149912.771845.bb3.r.png
7757776.366639 -363527.339753 0.000000 0.039734 -0.051499 0.468435 1472149912.834065 /dados/ufes/20160825/1472149912.834065.bb3.l.png /dados/ufes/20160825/1472149912.834065.bb3.r.png
7757776.861394 -363527.105643 0.000000 0.038492 -0.051463 0.458900 1472149912.896735 /dados/ufes/20160825/1472149912.896735.bb3.l.png /dados/ufes/20160825/1472149912.896735.bb3.r.png
7757777.322709 -363526.871830 0.000000 0.036641 -0.050292 0.447116 1472149912.961568 /dados/ufes/20160825/1472149912.961568.bb3.l.png /dados/ufes/20160825/1472149912.961568.bb3.r.png
7757777.783033 -363526.655742 0.000000 0.034632 -0.050783 0.438646 1472149913.022848 /dados/ufes/20160825/1472149913.022848.bb3.l.png /dados/ufes/20160825/1472149913.022848.bb3.r.png
7757778.221440 -363526.455908 0.000000 0.032031 -0.049373 0.428115 1472149913.083261 /dados/ufes/20160825/1472149913.083261.bb3.l.png /dados/ufes/20160825/1472149913.083261.bb3.r.png
7757778.670241 -363526.243323 0.000000 0.031968 -0.048144 0.419490 1472149913.144391 /dados/ufes/20160825/1472149913.144391.bb3.l.png /dados/ufes/20160825/1472149913.144391.bb3.r.png
7757779.156311 -363526.027299 0.000000 0.031855 -0.047721 0.409989 1472149913.210575 /dados/ufes/20160825/1472149913.210575.bb3.l.png /dados/ufes/20160825/1472149913.210575.bb3.r.png
7757779.589101 -363525.840910 0.000000 0.030648 -0.047542 0.399223 1472149913.275712 /dados/ufes/20160825/1472149913.275712.bb3.l.png /dados/ufes/20160825/1472149913.275712.bb3.r.png
7757780.059018 -363525.661225 0.000000 0.025873 -0.047980 0.390429 1472149913.338753 /dados/ufes/20160825/1472149913.338753.bb3.l.png /dados/ufes/20160825/1472149913.338753.bb3.r.png
7757780.480721 -363525.492209 0.000000 0.024183 -0.048095 0.379318 1472149913.402263 /dados/ufes/20160825/1472149913.402263.bb3.l.png /dados/ufes/20160825/1472149913.402263.bb3.r.png
7757780.990719 -363525.273045 0.000000 0.023184 -0.049665 0.371913 1472149913.465572 /dados/ufes/20160825/1472149913.465572.bb3.l.png /dados/ufes/20160825/1472149913.465572.bb3.r.png
7757781.482284 -363525.085240 0.000000 0.023312 -0.049236 0.358081 1472149913.526469 /dados/ufes/20160825/1472149913.526469.bb3.l.png /dados/ufes/20160825/1472149913.526469.bb3.r.png
7757781.925097 -363524.919000 0.000000 0.023158 -0.047553 0.350261 1472149913.587710 /dados/ufes/20160825/1472149913.587710.bb3.l.png /dados/ufes/20160825/1472149913.587710.bb3.r.png
7757782.357702 -363524.745244 0.000000 0.021795 -0.046996 0.344440 1472149913.648323 /dados/ufes/20160825/1472149913.648323.bb3.l.png /dados/ufes/20160825/1472149913.648323.bb3.r.png
7757782.760055 -363524.613702 0.000000 0.020422 -0.048076 0.333583 1472149913.709116 /dados/ufes/20160825/1472149913.709116.bb3.l.png /dados/ufes/20160825/1472149913.709116.bb3.r.png
7757783.323255 -363524.425933 0.000000 0.019485 -0.049207 0.321038 1472149913.773074 /dados/ufes/20160825/1472149913.773074.bb3.l.png /dados/ufes/20160825/1472149913.773074.bb3.r.png
7757783.855726 -363524.273174 0.000000 0.016988 -0.053241 0.310674 1472149913.842981 /dados/ufes/20160825/1472149913.842981.bb3.l.png /dados/ufes/20160825/1472149913.842981.bb3.r.png
7757784.319227 -363524.113016 0.000000 0.016081 -0.054939 0.304035 1472149913.908067 /dados/ufes/20160825/1472149913.908067.bb3.l.png /dados/ufes/20160825/1472149913.908067.bb3.r.png
7757784.897350 -363523.919709 0.000000 0.014986 -0.056777 0.290425 1472149913.976137 /dados/ufes/20160825/1472149913.976137.bb3.l.png /dados/ufes/20160825/1472149913.976137.bb3.r.png
7757785.412245 -363523.773385 0.000000 0.010710 -0.055732 0.280187 1472149914.035793 /dados/ufes/20160825/1472149914.035793.bb3.l.png /dados/ufes/20160825/1472149914.035793.bb3.r.png
7757785.884218 -363523.638747 0.000000 0.010802 -0.053319 0.271541 1472149914.095667 /dados/ufes/20160825/1472149914.095667.bb3.l.png /dados/ufes/20160825/1472149914.095667.bb3.r.png
7757786.307459 -363523.535931 0.000000 0.008764 -0.051616 0.262027 1472149914.155393 /dados/ufes/20160825/1472149914.155393.bb3.l.png /dados/ufes/20160825/1472149914.155393.bb3.r.png
7757786.786219 -363523.419288 0.000000 0.007592 -0.050246 0.254074 1472149914.215668 /dados/ufes/20160825/1472149914.215668.bb3.l.png /dados/ufes/20160825/1472149914.215668.bb3.r.png
7757787.280282 -363523.309005 0.000000 0.007039 -0.046992 0.241682 1472149914.279956 /dados/ufes/20160825/1472149914.279956.bb3.l.png /dados/ufes/20160825/1472149914.279956.bb3.r.png
7757787.767690 -363523.181576 0.000000 0.004015 -0.046431 0.229838 1472149914.341064 /dados/ufes/20160825/1472149914.341064.bb3.l.png /dados/ufes/20160825/1472149914.341064.bb3.r.png
7757788.315269 -363523.048461 0.000000 0.003021 -0.047109 0.218995 1472149914.401335 /dados/ufes/20160825/1472149914.401335.bb3.l.png /dados/ufes/20160825/1472149914.401335.bb3.r.png
7757788.796250 -363522.943069 0.000000 0.002364 -0.047292 0.210155 1472149914.464776 /dados/ufes/20160825/1472149914.464776.bb3.l.png /dados/ufes/20160825/1472149914.464776.bb3.r.png
7757789.350068 -363522.823747 0.000000 0.002744 -0.048884 0.198106 1472149914.527258 /dados/ufes/20160825/1472149914.527258.bb3.l.png /dados/ufes/20160825/1472149914.527258.bb3.r.png
7757789.860879 -363522.735570 0.000000 0.004197 -0.049797 0.186472 1472149914.588338 /dados/ufes/20160825/1472149914.588338.bb3.l.png /dados/ufes/20160825/1472149914.588338.bb3.r.png
7757790.344127 -363522.655527 0.000000 0.003615 -0.050366 0.176365 1472149914.647974 /dados/ufes/20160825/1472149914.647974.bb3.l.png /dados/ufes/20160825/1472149914.647974.bb3.r.png
7757790.865624 -363522.557640 0.000000 0.001676 -0.050477 0.160971 1472149914.707904 /dados/ufes/20160825/1472149914.707904.bb3.l.png /dados/ufes/20160825/1472149914.707904.bb3.r.png
7757791.267100 -363522.497944 0.000000 0.000659 -0.052102 0.152477 1472149914.768281 /dados/ufes/20160825/1472149914.768281.bb3.l.png /dados/ufes/20160825/1472149914.768281.bb3.r.png
7757791.814366 -363522.399129 0.000000 0.000724 -0.054411 0.138678 1472149914.828226 /dados/ufes/20160825/1472149914.828226.bb3.l.png /dados/ufes/20160825/1472149914.828226.bb3.r.png
7757792.374026 -363522.332486 0.000000 0.000335 -0.055517 0.127093 1472149914.889180 /dados/ufes/20160825/1472149914.889180.bb3.l.png /dados/ufes/20160825/1472149914.889180.bb3.r.png
7757792.917319 -363522.278502 0.000000 -0.000485 -0.055917 0.113388 1472149914.953551 /dados/ufes/20160825/1472149914.953551.bb3.l.png /dados/ufes/20160825/1472149914.953551.bb3.r.png
7757793.441225 -363522.228907 0.000000 -0.004527 -0.058021 0.103847 1472149915.016077 /dados/ufes/20160825/1472149915.016077.bb3.l.png /dados/ufes/20160825/1472149915.016077.bb3.r.png
7757793.950104 -363522.180380 0.000000 -0.012452 -0.058314 0.091964 1472149915.078415 /dados/ufes/20160825/1472149915.078415.bb3.l.png /dados/ufes/20160825/1472149915.078415.bb3.r.png
7757794.518581 -363522.148208 0.000000 -0.014208 -0.058024 0.079111 1472149915.144762 /dados/ufes/20160825/1472149915.144762.bb3.l.png /dados/ufes/20160825/1472149915.144762.bb3.r.png
7757795.051096 -363522.099418 0.000000 -0.015547 -0.058246 0.065057 1472149915.208670 /dados/ufes/20160825/1472149915.208670.bb3.l.png /dados/ufes/20160825/1472149915.208670.bb3.r.png
7757795.492303 -363522.073428 0.000000 -0.016409 -0.057107 0.053223 1472149915.272514 /dados/ufes/20160825/1472149915.272514.bb3.l.png /dados/ufes/20160825/1472149915.272514.bb3.r.png
7757796.133026 -363522.046134 0.000000 -0.019800 -0.056920 0.035989 1472149915.340869 /dados/ufes/20160825/1472149915.340869.bb3.l.png /dados/ufes/20160825/1472149915.340869.bb3.r.png
7757796.806783 -363522.002801 0.000000 -0.021892 -0.056053 0.021510 1472149915.412527 /dados/ufes/20160825/1472149915.412527.bb3.l.png /dados/ufes/20160825/1472149915.412527.bb3.r.png
7757797.421068 -363521.989609 0.000000 -0.024719 -0.054148 0.009864 1472149915.482156 /dados/ufes/20160825/1472149915.482156.bb3.l.png /dados/ufes/20160825/1472149915.482156.bb3.r.png
7757797.967827 -363521.986305 0.000000 -0.024354 -0.053632 -0.005673 1472149915.552831 /dados/ufes/20160825/1472149915.552831.bb3.l.png /dados/ufes/20160825/1472149915.552831.bb3.r.png
7757798.555874 -363522.002492 0.000000 -0.025970 -0.054428 -0.014592 1472149915.613743 /dados/ufes/20160825/1472149915.613743.bb3.l.png /dados/ufes/20160825/1472149915.613743.bb3.r.png
7757799.157780 -363522.010478 0.000000 -0.025811 -0.053476 -0.026644 1472149915.674554 /dados/ufes/20160825/1472149915.674554.bb3.l.png /dados/ufes/20160825/1472149915.674554.bb3.r.png
7757799.661133 -363522.007016 0.000000 -0.028147 -0.055159 -0.037679 1472149915.744161 /dados/ufes/20160825/1472149915.744161.bb3.l.png /dados/ufes/20160825/1472149915.744161.bb3.r.png
7757800.233599 -363522.034006 0.000000 -0.030212 -0.056221 -0.050528 1472149915.807275 /dados/ufes/20160825/1472149915.807275.bb3.l.png /dados/ufes/20160825/1472149915.807275.bb3.r.png
7757800.779369 -363522.049613 0.000000 -0.030969 -0.057848 -0.062016 1472149915.871040 /dados/ufes/20160825/1472149915.871040.bb3.l.png /dados/ufes/20160825/1472149915.871040.bb3.r.png
7757801.338053 -363522.065802 0.000000 -0.033388 -0.062118 -0.075190 1472149915.934188 /dados/ufes/20160825/1472149915.934188.bb3.l.png /dados/ufes/20160825/1472149915.934188.bb3.r.png
7757801.988872 -363522.113811 0.000000 -0.034522 -0.060549 -0.088773 1472149915.998218 /dados/ufes/20160825/1472149915.998218.bb3.l.png /dados/ufes/20160825/1472149915.998218.bb3.r.png
7757802.463021 -363522.160738 0.000000 -0.036567 -0.062268 -0.097928 1472149916.060674 /dados/ufes/20160825/1472149916.060674.bb3.l.png /dados/ufes/20160825/1472149916.060674.bb3.r.png
7757803.048193 -363522.245703 0.000000 -0.040006 -0.062612 -0.112437 1472149916.123300 /dados/ufes/20160825/1472149916.123300.bb3.l.png /dados/ufes/20160825/1472149916.123300.bb3.r.png
7757803.573145 -363522.310482 0.000000 -0.043041 -0.060991 -0.119828 1472149916.188644 /dados/ufes/20160825/1472149916.188644.bb3.l.png /dados/ufes/20160825/1472149916.188644.bb3.r.png
7757804.100496 -363522.377196 0.000000 -0.042811 -0.061522 -0.131223 1472149916.249195 /dados/ufes/20160825/1472149916.249195.bb3.l.png /dados/ufes/20160825/1472149916.249195.bb3.r.png
7757804.620680 -363522.450673 0.000000 -0.038451 -0.061536 -0.142424 1472149916.310679 /dados/ufes/20160825/1472149916.310679.bb3.l.png /dados/ufes/20160825/1472149916.310679.bb3.r.png
7757805.218356 -363522.553060 0.000000 -0.034734 -0.062914 -0.155372 1472149916.371591 /dados/ufes/20160825/1472149916.371591.bb3.l.png /dados/ufes/20160825/1472149916.371591.bb3.r.png
7757805.870425 -363522.639382 0.000000 -0.033070 -0.068442 -0.167372 1472149916.435106 /dados/ufes/20160825/1472149916.435106.bb3.l.png /dados/ufes/20160825/1472149916.435106.bb3.r.png
7757806.383182 -363522.744145 0.000000 -0.032418 -0.070944 -0.174765 1472149916.497833 /dados/ufes/20160825/1472149916.497833.bb3.l.png /dados/ufes/20160825/1472149916.497833.bb3.r.png
7757806.926260 -363522.847741 0.000000 -0.031385 -0.074125 -0.185211 1472149916.562110 /dados/ufes/20160825/1472149916.562110.bb3.l.png /dados/ufes/20160825/1472149916.562110.bb3.r.png
7757807.442924 -363522.928818 0.000000 -0.028832 -0.074359 -0.193747 1472149916.622499 /dados/ufes/20160825/1472149916.622499.bb3.l.png /dados/ufes/20160825/1472149916.622499.bb3.r.png
7757807.953463 -363523.040570 0.000000 -0.026468 -0.080019 -0.203271 1472149916.682991 /dados/ufes/20160825/1472149916.682991.bb3.l.png /dados/ufes/20160825/1472149916.682991.bb3.r.png
7757808.405310 -363523.134779 0.000000 -0.029243 -0.081258 -0.213259 1472149916.743828 /dados/ufes/20160825/1472149916.743828.bb3.l.png /dados/ufes/20160825/1472149916.743828.bb3.r.png
7757809.083215 -363523.294680 0.000000 -0.031068 -0.085562 -0.224841 1472149916.805811 /dados/ufes/20160825/1472149916.805811.bb3.l.png /dados/ufes/20160825/1472149916.805811.bb3.r.png
7757809.743870 -363523.453349 0.000000 -0.033138 -0.087512 -0.236626 1472149916.869814 /dados/ufes/20160825/1472149916.869814.bb3.l.png /dados/ufes/20160825/1472149916.869814.bb3.r.png
7757810.202999 -363523.580106 0.000000 -0.038520 -0.088278 -0.250481 1472149916.930265 /dados/ufes/20160825/1472149916.930265.bb3.l.png /dados/ufes/20160825/1472149916.930265.bb3.r.png
7757810.765492 -363523.726802 0.000000 -0.040336 -0.085973 -0.261336 1472149916.996850 /dados/ufes/20160825/1472149916.996850.bb3.l.png /dados/ufes/20160825/1472149916.996850.bb3.r.png
7757811.300299 -363523.887778 0.000000 -0.039846 -0.083544 -0.270585 1472149917.059107 /dados/ufes/20160825/1472149917.059107.bb3.l.png /dados/ufes/20160825/1472149917.059107.bb3.r.png
7757811.914537 -363524.056342 0.000000 -0.041645 -0.079896 -0.281664 1472149917.121011 /dados/ufes/20160825/1472149917.121011.bb3.l.png /dados/ufes/20160825/1472149917.121011.bb3.r.png
7757812.512499 -363524.227232 0.000000 -0.046302 -0.074773 -0.294693 1472149917.182947 /dados/ufes/20160825/1472149917.182947.bb3.l.png /dados/ufes/20160825/1472149917.182947.bb3.r.png
7757812.926392 -363524.363078 0.000000 -0.048380 -0.075264 -0.302857 1472149917.247993 /dados/ufes/20160825/1472149917.247993.bb3.l.png /dados/ufes/20160825/1472149917.247993.bb3.r.png
7757813.516517 -363524.546697 0.000000 -0.049623 -0.076118 -0.315877 1472149917.311947 /dados/ufes/20160825/1472149917.311947.bb3.l.png /dados/ufes/20160825/1472149917.311947.bb3.r.png
7757814.058805 -363524.723746 0.000000 -0.053484 -0.083697 -0.328224 1472149917.375841 /dados/ufes/20160825/1472149917.375841.bb3.l.png /dados/ufes/20160825/1472149917.375841.bb3.r.png
7757814.652976 -363524.920989 0.000000 -0.054803 -0.088989 -0.342554 1472149917.438809 /dados/ufes/20160825/1472149917.438809.bb3.l.png /dados/ufes/20160825/1472149917.438809.bb3.r.png
7757815.192873 -363525.107976 0.000000 -0.053996 -0.093818 -0.352335 1472149917.504880 /dados/ufes/20160825/1472149917.504880.bb3.l.png /dados/ufes/20160825/1472149917.504880.bb3.r.png
7757815.803123 -363525.339848 0.000000 -0.053931 -0.095678 -0.370455 1472149917.566411 /dados/ufes/20160825/1472149917.566411.bb3.l.png /dados/ufes/20160825/1472149917.566411.bb3.r.png
7757816.260757 -363525.513109 0.000000 -0.060001 -0.095886 -0.380072 1472149917.626861 /dados/ufes/20160825/1472149917.626861.bb3.l.png /dados/ufes/20160825/1472149917.626861.bb3.r.png
7757816.756478 -363525.713574 0.000000 -0.063374 -0.094548 -0.395766 1472149917.690612 /dados/ufes/20160825/1472149917.690612.bb3.l.png /dados/ufes/20160825/1472149917.690612.bb3.r.png
7757817.336977 -363525.963478 0.000000 -0.066301 -0.091692 -0.406877 1472149917.751216 /dados/ufes/20160825/1472149917.751216.bb3.l.png /dados/ufes/20160825/1472149917.751216.bb3.r.png
7757817.932492 -363526.227276 0.000000 -0.067118 -0.088812 -0.424157 1472149917.811995 /dados/ufes/20160825/1472149917.811995.bb3.l.png /dados/ufes/20160825/1472149917.811995.bb3.r.png
7757818.435753 -363526.459861 0.000000 -0.067726 -0.089241 -0.435765 1472149917.872326 /dados/ufes/20160825/1472149917.872326.bb3.l.png /dados/ufes/20160825/1472149917.872326.bb3.r.png
7757818.930332 -363526.699202 0.000000 -0.068391 -0.093309 -0.448479 1472149917.933149 /dados/ufes/20160825/1472149917.933149.bb3.l.png /dados/ufes/20160825/1472149917.933149.bb3.r.png
7757819.387185 -363526.915859 0.000000 -0.068386 -0.098189 -0.460847 1472149917.998850 /dados/ufes/20160825/1472149917.998850.bb3.l.png /dados/ufes/20160825/1472149917.998850.bb3.r.png
7757819.985729 -363527.216022 0.000000 -0.067363 -0.104439 -0.472277 1472149918.060276 /dados/ufes/20160825/1472149918.060276.bb3.l.png /dados/ufes/20160825/1472149918.060276.bb3.r.png
7757820.426847 -363527.440371 0.000000 -0.066596 -0.110314 -0.488354 1472149918.120782 /dados/ufes/20160825/1472149918.120782.bb3.l.png /dados/ufes/20160825/1472149918.120782.bb3.r.png
7757820.878278 -363527.689306 0.000000 -0.064081 -0.118890 -0.498658 1472149918.181418 /dados/ufes/20160825/1472149918.181418.bb3.l.png /dados/ufes/20160825/1472149918.181418.bb3.r.png
7757821.454815 -363528.001504 0.000000 -0.061297 -0.118849 -0.511586 1472149918.243765 /dados/ufes/20160825/1472149918.243765.bb3.l.png /dados/ufes/20160825/1472149918.243765.bb3.r.png
7757821.955194 -363528.305833 0.000000 -0.058227 -0.118506 -0.523288 1472149918.306372 /dados/ufes/20160825/1472149918.306372.bb3.l.png /dados/ufes/20160825/1472149918.306372.bb3.r.png
7757822.440806 -363528.581338 0.000000 -0.055460 -0.115214 -0.534757 1472149918.366143 /dados/ufes/20160825/1472149918.366143.bb3.l.png /dados/ufes/20160825/1472149918.366143.bb3.r.png
7757822.847862 -363528.831174 0.000000 -0.052428 -0.109782 -0.548264 1472149918.426066 /dados/ufes/20160825/1472149918.426066.bb3.l.png /dados/ufes/20160825/1472149918.426066.bb3.r.png
7757823.362198 -363529.172025 0.000000 -0.048994 -0.105816 -0.561641 1472149918.489510 /dados/ufes/20160825/1472149918.489510.bb3.l.png /dados/ufes/20160825/1472149918.489510.bb3.r.png
7757823.820291 -363529.443774 0.000000 -0.047689 -0.105185 -0.572585 1472149918.549768 /dados/ufes/20160825/1472149918.549768.bb3.l.png /dados/ufes/20160825/1472149918.549768.bb3.r.png
7757824.324384 -363529.777119 0.000000 -0.047626 -0.105233 -0.584215 1472149918.609635 /dados/ufes/20160825/1472149918.609635.bb3.l.png /dados/ufes/20160825/1472149918.609635.bb3.r.png
7757824.785942 -363530.105059 0.000000 -0.046999 -0.106523 -0.595804 1472149918.669651 /dados/ufes/20160825/1472149918.669651.bb3.l.png /dados/ufes/20160825/1472149918.669651.bb3.r.png
7757825.255036 -363530.390625 0.000000 -0.046201 -0.112056 -0.607477 1472149918.729373 /dados/ufes/20160825/1472149918.729373.bb3.l.png /dados/ufes/20160825/1472149918.729373.bb3.r.png
7757825.632577 -363530.661886 0.000000 -0.045849 -0.114765 -0.616565 1472149918.789165 /dados/ufes/20160825/1472149918.789165.bb3.l.png /dados/ufes/20160825/1472149918.789165.bb3.r.png
7757826.170156 -363531.054622 0.000000 -0.046781 -0.115861 -0.631921 1472149918.849783 /dados/ufes/20160825/1472149918.849783.bb3.l.png /dados/ufes/20160825/1472149918.849783.bb3.r.png
7757826.644861 -363531.402035 0.000000 -0.047452 -0.115482 -0.641303 1472149918.910501 /dados/ufes/20160825/1472149918.910501.bb3.l.png /dados/ufes/20160825/1472149918.910501.bb3.r.png
7757827.148643 -363531.806909 0.000000 -0.042725 -0.114545 -0.652640 1472149918.973888 /dados/ufes/20160825/1472149918.973888.bb3.l.png /dados/ufes/20160825/1472149918.973888.bb3.r.png
7757827.544352 -363532.102018 0.000000 -0.044460 -0.114798 -0.662163 1472149919.034241 /dados/ufes/20160825/1472149919.034241.bb3.l.png /dados/ufes/20160825/1472149919.034241.bb3.r.png
7757827.966714 -363532.430486 0.000000 -0.048447 -0.117261 -0.666831 1472149919.094409 /dados/ufes/20160825/1472149919.094409.bb3.l.png /dados/ufes/20160825/1472149919.094409.bb3.r.png
7757828.419616 -363532.787311 0.000000 -0.052100 -0.120688 -0.675860 1472149919.154572 /dados/ufes/20160825/1472149919.154572.bb3.l.png /dados/ufes/20160825/1472149919.154572.bb3.r.png
7757828.920906 -363533.206988 0.000000 -0.050419 -0.123667 -0.681759 1472149919.215251 /dados/ufes/20160825/1472149919.215251.bb3.l.png /dados/ufes/20160825/1472149919.215251.bb3.r.png
7757829.385951 -363533.560476 0.000000 -0.042462 -0.127018 -0.684744 1472149919.275897 /dados/ufes/20160825/1472149919.275897.bb3.l.png /dados/ufes/20160825/1472149919.275897.bb3.r.png
7757829.901812 -363534.009514 0.000000 -0.041840 -0.126176 -0.689509 1472149919.336405 /dados/ufes/20160825/1472149919.336405.bb3.l.png /dados/ufes/20160825/1472149919.336405.bb3.r.png
7757830.382732 -363534.417974 0.000000 -0.041234 -0.124873 -0.694333 1472149919.396989 /dados/ufes/20160825/1472149919.396989.bb3.l.png /dados/ufes/20160825/1472149919.396989.bb3.r.png
7757830.796266 -363534.774020 0.000000 -0.038570 -0.121350 -0.695551 1472149919.457161 /dados/ufes/20160825/1472149919.457161.bb3.l.png /dados/ufes/20160825/1472149919.457161.bb3.r.png
7757831.254144 -363535.167775 0.000000 -0.032745 -0.117503 -0.699425 1472149919.516730 /dados/ufes/20160825/1472149919.516730.bb3.l.png /dados/ufes/20160825/1472149919.516730.bb3.r.png
7757831.596683 -363535.470791 0.000000 -0.026550 -0.115566 -0.700236 1472149919.577235 /dados/ufes/20160825/1472149919.577235.bb3.l.png /dados/ufes/20160825/1472149919.577235.bb3.r.png
7757832.075407 -363535.867818 0.000000 -0.024979 -0.115430 -0.704037 1472149919.639071 /dados/ufes/20160825/1472149919.639071.bb3.l.png /dados/ufes/20160825/1472149919.639071.bb3.r.png
7757832.555789 -363536.287389 0.000000 -0.023263 -0.117703 -0.703630 1472149919.701195 /dados/ufes/20160825/1472149919.701195.bb3.l.png /dados/ufes/20160825/1472149919.701195.bb3.r.png
7757833.072929 -363536.732910 0.000000 -0.022716 -0.118793 -0.700523 1472149919.765412 /dados/ufes/20160825/1472149919.765412.bb3.l.png /dados/ufes/20160825/1472149919.765412.bb3.r.png
7757833.445887 -363537.079564 0.000000 -0.026064 -0.123288 -0.701164 1472149919.827234 /dados/ufes/20160825/1472149919.827234.bb3.l.png /dados/ufes/20160825/1472149919.827234.bb3.r.png
7757833.876690 -363537.451081 0.000000 -0.029739 -0.122422 -0.700597 1472149919.890141 /dados/ufes/20160825/1472149919.890141.bb3.l.png /dados/ufes/20160825/1472149919.890141.bb3.r.png
7757834.359627 -363537.876229 0.000000 -0.031500 -0.122676 -0.704126 1472149919.953150 /dados/ufes/20160825/1472149919.953150.bb3.l.png /dados/ufes/20160825/1472149919.953150.bb3.r.png
7757834.882137 -363538.324294 0.000000 -0.033484 -0.122496 -0.704728 1472149920.016336 /dados/ufes/20160825/1472149920.016336.bb3.l.png /dados/ufes/20160825/1472149920.016336.bb3.r.png
7757835.254807 -363538.663098 0.000000 -0.038231 -0.119300 -0.705643 1472149920.078819 /dados/ufes/20160825/1472149920.078819.bb3.l.png /dados/ufes/20160825/1472149920.078819.bb3.r.png
7757835.783056 -363539.104236 0.000000 -0.040164 -0.116211 -0.709920 1472149920.141600 /dados/ufes/20160825/1472149920.141600.bb3.l.png /dados/ufes/20160825/1472149920.141600.bb3.r.png
7757836.310971 -363539.557967 0.000000 -0.040996 -0.113720 -0.707809 1472149920.204116 /dados/ufes/20160825/1472149920.204116.bb3.l.png /dados/ufes/20160825/1472149920.204116.bb3.r.png
7757836.743269 -363539.927206 0.000000 -0.040433 -0.112980 -0.706403 1472149920.266110 /dados/ufes/20160825/1472149920.266110.bb3.l.png /dados/ufes/20160825/1472149920.266110.bb3.r.png
7757837.114553 -363540.261421 0.000000 -0.039482 -0.112274 -0.706901 1472149920.326517 /dados/ufes/20160825/1472149920.326517.bb3.l.png /dados/ufes/20160825/1472149920.326517.bb3.r.png
7757837.608980 -363540.678628 0.000000 -0.040371 -0.112431 -0.706651 1472149920.390376 /dados/ufes/20160825/1472149920.390376.bb3.l.png /dados/ufes/20160825/1472149920.390376.bb3.r.png
7757838.125920 -363541.121891 0.000000 -0.039035 -0.111624 -0.705303 1472149920.452655 /dados/ufes/20160825/1472149920.452655.bb3.l.png /dados/ufes/20160825/1472149920.452655.bb3.r.png
7757838.509677 -363541.472431 0.000000 -0.037857 -0.113985 -0.706075 1472149920.513199 /dados/ufes/20160825/1472149920.513199.bb3.l.png /dados/ufes/20160825/1472149920.513199.bb3.r.png
